7.670110293065677265e-01,3.506336133972881575e-01,5.149931196772669084e-01,1.534022058613135342e-01
7.454975663530117869e-01,3.727487831765058934e-01,5.241779763419613936e-01,1.747259921139871219e-01
7.551928518011776781e-01,3.392895421135725953e-01,5.362963730182276345e-01,1.641723590872125327e-01
7.538491620232947721e-01,3.152460132097414380e-01,5.482539360169416121e-01,1.781825292055060350e-01
7.581753965757455083e-01,3.265986323710903805e-01,5.365548960382199306e-01,1.749635530559412733e-01
7.223296180302092306e-01,3.548285842955413161e-01,5.702602247606914920e-01,1.647418427086441983e-01
7.263484574337419897e-01,3.804682396081505713e-01,5.418790079267599147e-01,1.844694495069821027e-01
7.591654715238995710e-01,3.718361493178283239e-01,5.112747053120139107e-01,1.549317288824284544e-01
7.630185275970008396e-01,3.352657166714094750e-01,5.318007919615460599e-01,1.502915281630456401e-01
7.246023348632822936e-01,3.762358277174735477e-01,5.434517511474616924e-01,1.950852440016529188e-01
7.692307692307692735e-01,3.076923076923077094e-01,5.384615384615384359e-01,1.538461538461538547e-01
7.392346162730675241e-01,3.758820082744410707e-01,5.262348115842175877e-01,1.879410041372205353e-01
7.889275245573255102e-01,2.892734256710193796e-01,5.259516830382169328e-01,1.314879207595542332e-01
7.308141200229885115e-01,3.474362209945355273e-01,5.630862891980403795e-01,1.677278308249481598e-01
7.591170716092960902e-01,3.931141977976712054e-01,4.880038317488332722e-01,1.762236059093008900e-01
7.694544446831322881e-01,3.560162355996582262e-01,5.053133666575794214e-01,1.607815257546843513e-01
7.063189182330440463e-01,3.783851347677021915e-01,5.675777021515532317e-01,1.891925673838510957e-01
7.567649730125051155e-01,3.522871426092696878e-01,5.349545498881501659e-01,1.304767194849146827e-01
7.644423782009608370e-01,2.712537471035667558e-01,5.548372099845683136e-01,1.849457366615227805e-01
7.618518793947620660e-01,3.401124461583759362e-01,5.305754160070664804e-01,1.496494763096854197e-01
6.985796007419846632e-01,3.788906309109069115e-01,5.683359463663603117e-01,2.131259798873851308e-01
7.701185382512489852e-01,3.534970339513929249e-01,5.049957627877041944e-01,1.641236229060038798e-01
7.414330662236144898e-01,2.942194707236565621e-01,5.766701626183668994e-01,1.765316824341939261e-01
7.365989486022554988e-01,3.381109928010352927e-01,5.675434522017378525e-01,1.449047112004437088e-01
7.674169845534856149e-01,3.477358211257981502e-01,5.156082864968730695e-01,1.558815749874267464e-01
7.678572552779229232e-01,3.490260251263285762e-01,5.119048368519486525e-01,1.628788117256199930e-01
7.646726945514761287e-01,3.148652271682548798e-01,5.397689608598654765e-01,1.574326135841274399e-01
7.408857633640885121e-01,3.317398940436216970e-01,5.528998234060361616e-01,1.879859399580522950e-01
7.335094873189085263e-01,3.545295855374724359e-01,5.501321154891813947e-01,1.833773718297271316e-01
7.866747376502838396e-01,3.588340908580242017e-01,4.830458915396479425e-01,1.380131118684708447e-01
7.652185485355420536e-01,3.339135484518728769e-01,5.286964517154654208e-01,1.530437097071084274e-01
7.724292477636958143e-01,3.370600353877944988e-01,5.196342212228499680e-01,1.404416814115810597e-01
7.643498123486223150e-01,3.558180160933241964e-01,5.139593565792459628e-01,1.581413404859218497e-01
7.077952502929945044e-01,3.185078626318475492e-01,6.016259627490452289e-01,1.887454000781318697e-01
6.933340941942108815e-01,3.851856078856726873e-01,5.777784118285090864e-01,1.925928039428363436e-01
7.152493550527451172e-01,4.053079678632222071e-01,5.364370162895588656e-01,1.907331613473987053e-01
7.545734058794258958e-01,3.491309788397343739e-01,5.293276130795973033e-01,1.689343445998714721e-01
7.753002085956333111e-01,2.830461078999931268e-01,5.414795107652042860e-01,1.599825827260830946e-01
7.299244278720566914e-01,3.910309435028875291e-01,5.344089561206128991e-01,1.694467421845846089e-01
7.471419369831229229e-01,3.396099713559649347e-01,5.433759541695438733e-01,1.765971851051017782e-01
7.233711847707108289e-01,3.419572873461542151e-01,5.786969478165687741e-01,1.578264403136096228e-01
7.326039145409680708e-01,3.602970071512958117e-01,5.524554109653201373e-01,1.681386033372713473e-01
7.626299404054146525e-01,3.418685939748410396e-01,5.259516830382169328e-01,1.577855049114650909e-01
7.698687947429833089e-01,3.541396455817722999e-01,5.081134045303690172e-01,1.539737589485966618e-01
7.354428354362763098e-01,3.545885099424904152e-01,5.515821265772072879e-01,1.707278010834213100e-01
7.323961772671147008e-01,3.854716722458498279e-01,5.396603411441898146e-01,1.541886688983399312e-01
7.344604663670819544e-01,3.736728688534275977e-01,5.411813962704814518e-01,1.675085274170537708e-01
7.572810334533846000e-01,3.542120962927121641e-01,5.252110393305731151e-01,1.587847328208709663e-01
7.825805422808448375e-01,3.836179128827670870e-01,4.603414954593205155e-01,1.687918816684175205e-01
7.431482021659326920e-01,3.650552572043177513e-01,5.345451980491795485e-01,1.694899408448618527e-01
6.538774709871312263e-01,3.425072467075448990e-01,6.227404485591725436e-01,2.594751868996552635e-01
6.905251239789963469e-01,3.214513508178086787e-01,6.071858848780830042e-01,2.262065061310505332e-01
7.149140499059414289e-01,3.020763591151865435e-01,5.940835062598668337e-01,2.114534513806305693e-01
6.927679615927916368e-01,3.188931886696977358e-01,6.157937436380370722e-01,1.979337033122262057e-01
6.861902181544977664e-01,3.167031776097681828e-01,6.122928100455518052e-01,2.322489969138300248e-01
7.095370785652946877e-01,2.800804257494584615e-01,6.161769366488085709e-01,1.960562980246209064e-01
6.705411755923673667e-01,3.421128446899833198e-01,6.158031204419699423e-01,2.326367343891886375e-01
7.136655737001574851e-01,2.835109813329392825e-01,6.159031663439714643e-01,1.759723332411347319e-01
7.141412519867053055e-01,2.664706164129497235e-01,6.182118300780433673e-01,1.918588438173237931e-01
6.919878753680462902e-01,3.459939376840231451e-01,5.862675055201502783e-01,2.402735678361271887e-01
7.156264473321344299e-01,3.523084048404354074e-01,5.614915202144439288e-01,2.201927530252721366e-01
7.157654644679906086e-01,3.019635553224335189e-01,5.927432752625546586e-01,2.124928722639346790e-01
7.171814811987382576e-01,3.164035946465021398e-01,5.800732568519206822e-01,2.214825162525515256e-01
6.925517954428570544e-01,3.037507874749372783e-01,6.075015749498745565e-01,2.430006299799498393e-01
6.776792358909037306e-01,3.271554931887121209e-01,5.958903625937256310e-01,2.804189941617532544e-01
6.958988736692162114e-01,3.479494368346081057e-01,5.762912547573195710e-01,2.500886577248745413e-01
7.061047398973130385e-01,3.258944953372213682e-01,5.974732414515725454e-01,1.955366972023328265e-01
6.929909911756716445e-01,3.419955540866950749e-01,6.029921611528571423e-01,1.979974260501919103e-01
7.060061789207179306e-01,2.383916967784242280e-01,6.326548876042796810e-01,2.108849625347598844e-01
7.271258479968130128e-01,2.666128109321647677e-01,6.059382066640107700e-01,1.817814619992032532e-01
7.055893432004944898e-01,3.272298403248670162e-01,5.828781530786694143e-01,2.351964477334981263e-01
6.830792286072525643e-01,3.415396143036262822e-01,5.976943250313460076e-01,2.439568673597330706e-01
7.148654283077015004e-01,2.599510648391641365e-01,6.220257622937143127e-01,1.856793320279744031e-01
7.312246430799820285e-01,3.133819898914209090e-01,5.687302779510972073e-01,2.089213265942805875e-01
6.959560108929094824e-01,3.427843038726270386e-01,5.920819794163557637e-01,2.181354661007626761e-01
7.152945332140833168e-01,3.179086814284814988e-01,5.960787776784027825e-01,1.788236333035208292e-01
7.278519543665409319e-01,3.287073342300507184e-01,5.634982872515155172e-01,2.113118577193183190e-01
7.117121386170341957e-01,3.500223632542791563e-01,5.717031933153225998e-01,2.100134179525675049e-01
6.959400158179216422e-01,3.044737569203406768e-01,6.089475138406813537e-01,2.283553176902555493e-01
7.308985536964403007e-01,3.045410640401834401e-01,5.887793904776880138e-01,1.624219008214311810e-01
7.276615932660223107e-01,2.753314136682246116e-01,5.998291512057750685e-01,1.868320307034381234e-01
7.157899883667152574e-01,3.443040450371541716e-01,5.798804969046807978e-01,1.812126552827127146e-01
6.941774650196997909e-01,3.037026409461186516e-01,6.074052818922373032e-01,2.386235036005218135e-01
7.236600467806032499e-01,3.216266874580459012e-01,5.858200378700121336e-01,1.723000111382388677e-01
6.938541359029942734e-01,2.957411071061943342e-01,6.369808460748800361e-01,1.592452115187200090e-01
7.315439854044734069e-01,2.850171371705740309e-01,5.795348455801672127e-01,2.185131384974400848e-01
6.701748440536646756e-01,3.616816618702317077e-01,5.957109724921463290e-01,2.553047024966341727e-01
6.980479904039342820e-01,3.381169953519057025e-01,5.998849917533810583e-01,1.963259973011065307e-01
7.106690545187015484e-01,3.553345272593507742e-01,5.685352436149612165e-01,2.132007163556104423e-01
7.241525806193215287e-01,3.253439130318691030e-01,5.667281065716429644e-01,2.203942636667500510e-01
6.999703739013986015e-01,3.238668894170650403e-01,5.850498647534077001e-01,2.507356563228890223e-01
7.333788617780354624e-01,3.294890538423057569e-01,5.420626369663739119e-01,2.444596205926784505e-01
6.905251239789963469e-01,3.214513508178086787e-01,6.071858848780830042e-01,2.262065061310505332e-01
6.919350210150537750e-01,3.256164804776723876e-01,6.003553858807084698e-01,2.340368453433269991e-01
6.891487078995804927e-01,3.394314531445695171e-01,5.862906917951655750e-01,2.571450402610375163e-01
7.215572478888829799e-01,3.230853348756192456e-01,5.600145804510733294e-01,2.476987567379747290e-01
7.296535932873784436e-01,2.895450767013406645e-01,5.790901534026813291e-01,2.200542582930188895e-01
7.165389871201643945e-01,3.307103017477682205e-01,5.732311896961315156e-01,2.204735344985121470e-01
6.746707198515325965e-01,3.699807173379372482e-01,5.876164334190768779e-01,2.502810734933104686e-01
6.902591585738451219e-01,3.509792331731415582e-01,5.966646963943406101e-01,2.105875399038849571e-01
